8.369687500000000000e+02 6.026875000000000000e+02
8.636875000000000000e+02 6.519375000000000000e+02
6.910000000000000000e+02 7.152812500000000000e+02
7.403750000000000000e+02 5.310937500000000000e+02
9.502187500000000000e+02 6.053750000000000000e+02
9.356250000000000000e+02 4.910312500000000000e+02
8.723750000000000000e+02 5.586562500000000000e+02
7.752812500000000000e+02 6.182812500000000000e+02
8.371875000000000000e+02 5.438750000000000000e+02
7.693750000000000000e+02 1.300937500000000000e+03
8.971562500000000000e+02 1.109562500000000000e+03
8.368125000000000000e+02 1.326250000000000000e+03
8.571562500000000000e+02 6.343437500000000000e+02
8.176250000000000000e+02 6.377812500000000000e+02
8.442812500000000000e+02 6.966562500000000000e+02
8.191562500000000000e+02 6.328125000000000000e+02
9.127187500000000000e+02 5.986250000000000000e+02
8.395000000000000000e+02 6.839687500000000000e+02
1.027125000000000000e+03 6.769687500000000000e+02
8.948125000000000000e+02 6.666875000000000000e+02
1.028062500000000000e+03 5.337812500000000000e+02
1.011906250000000000e+03 7.290625000000000000e+02
9.958750000000000000e+02 6.818125000000000000e+02
7.936562500000000000e+02 5.469375000000000000e+02
8.539687500000000000e+02 6.487187500000000000e+02
8.166250000000000000e+02 6.211875000000000000e+02
8.221562500000000000e+02 6.545625000000000000e+02
8.751562500000000000e+02 6.455312500000000000e+02
9.204062500000000000e+02 6.327187500000000000e+02
8.360625000000000000e+02 6.632500000000000000e+02
7.915000000000000000e+02 5.989375000000000000e+02
8.504687500000000000e+02 6.620937500000000000e+02
8.260000000000000000e+02 6.264687500000000000e+02
8.142500000000000000e+02 6.794375000000000000e+02
8.306250000000000000e+02 6.713437500000000000e+02
8.446562500000000000e+02 6.842500000000000000e+02
8.848750000000000000e+02 7.785625000000000000e+02
8.491875000000000000e+02 7.698437500000000000e+02
7.873437500000000000e+02 8.473125000000000000e+02
8.930312500000000000e+02 7.180312500000000000e+02
9.489375000000000000e+02 7.831250000000000000e+02
8.392187500000000000e+02 7.776250000000000000e+02
9.432812500000000000e+02 7.361562500000000000e+02
8.646250000000000000e+02 6.995000000000000000e+02
7.561562500000000000e+02 9.302812500000000000e+02
9.604375000000000000e+02 6.679375000000000000e+02
9.000000000000000000e+02 6.612187500000000000e+02
9.143437500000000000e+02 6.966875000000000000e+02
9.528437500000000000e+02 6.827187500000000000e+02
9.282812500000000000e+02 -5.581250000000000000e+01
8.664687500000000000e+02 -1.276875000000000000e+02
7.983437500000000000e+02 -8.306250000000000000e+01
8.746250000000000000e+02 -1.464375000000000000e+02
8.517812500000000000e+02 -1.090625000000000000e+01
9.680625000000000000e+02 -7.259375000000000000e+01
8.536250000000000000e+02 -4.684375000000000000e+01
9.615000000000000000e+02 -1.130312500000000000e+02
9.207500000000000000e+02 -9.559375000000000000e+01
8.665625000000000000e+02 -9.862500000000000000e+01
8.357812500000000000e+02 -1.590000000000000000e+02
8.497187500000000000e+02 -2.064687500000000000e+02
9.706875000000000000e+02 -1.445937500000000000e+02
8.936875000000000000e+02 -1.150937500000000000e+02
8.380625000000000000e+02 6.468750000000000000e+00
9.802187500000000000e+02 1.515625000000000000e+01
9.141250000000000000e+02 -2.293750000000000000e+01
9.882187500000000000e+02 -1.062500000000000000e+00
8.674062500000000000e+02 -2.540625000000000000e+01
8.181562500000000000e+02 8.625000000000000000e+01
8.312187500000000000e+02 3.812500000000000000e+01
9.881562500000000000e+02 -1.375937500000000000e+02
8.558125000000000000e+02 -6.228125000000000000e+01
8.412500000000000000e+02 -4.956250000000000000e+01
1.050906250000000000e+03 -1.093750000000000000e+02
9.144375000000000000e+02 -5.862500000000000000e+01
8.794062500000000000e+02 -3.571875000000000000e+01
8.275312500000000000e+02 -3.503125000000000000e+01
9.027500000000000000e+02 -8.737500000000000000e+01
8.832500000000000000e+02 -1.252500000000000000e+02
8.819687500000000000e+02 -1.105312500000000000e+02
8.139375000000000000e+02 -8.921875000000000000e+01
9.492187500000000000e+02 -8.968750000000000000e+01
9.532500000000000000e+02 -1.860000000000000000e+02
7.628750000000000000e+02 -1.491250000000000000e+02
9.179062500000000000e+02 -1.406562500000000000e+02
8.185312500000000000e+02 -5.965625000000000000e+01
8.826562500000000000e+02 -1.431875000000000000e+02
9.043125000000000000e+02 -1.152187500000000000e+02
8.760937500000000000e+02 -3.534375000000000000e+01
1.000968750000000000e+03 -1.711875000000000000e+02
8.648125000000000000e+02 -9.953125000000000000e+01
8.794062500000000000e+02 -1.146562500000000000e+02
8.084687500000000000e+02 -9.815625000000000000e+01
8.692500000000000000e+02 6.218750000000000000e+00
9.836250000000000000e+02 -1.062187500000000000e+02
9.615000000000000000e+02 -1.445000000000000000e+02
9.212812500000000000e+02 -1.686875000000000000e+02
9.106250000000000000e+02 -1.016875000000000000e+02
8.476875000000000000e+02 -1.113750000000000000e+02
9.041250000000000000e+02 -9.212500000000000000e+01
7.905937500000000000e+02 -1.322812500000000000e+02
8.818125000000000000e+02 -1.480625000000000000e+02
8.809375000000000000e+02 -1.248437500000000000e+02
9.670937500000000000e+02 -8.712500000000000000e+01
9.462812500000000000e+02 -8.625000000000000000e+01
8.648125000000000000e+02 -8.065625000000000000e+01
8.420625000000000000e+02 -1.464062500000000000e+02
8.761875000000000000e+02 -8.068750000000000000e+01
8.985937500000000000e+02 4.071875000000000000e+01
9.605937500000000000e+02 -9.787500000000000000e+01
8.125937500000000000e+02 -1.132187500000000000e+02
9.274687500000000000e+02 -1.499687500000000000e+02
8.491875000000000000e+02 -5.378125000000000000e+01
9.132500000000000000e+02 -1.030937500000000000e+02
7.883750000000000000e+02 -7.303125000000000000e+01
8.165625000000000000e+02 -1.366250000000000000e+02
8.547187500000000000e+02 -1.278125000000000000e+02
8.029375000000000000e+02 -7.421875000000000000e+01
8.804062500000000000e+02 -9.318750000000000000e+01
9.422500000000000000e+02 -1.266250000000000000e+02
7.632500000000000000e+02 -8.287500000000000000e+01
8.603750000000000000e+02 -4.296875000000000000e+01
7.186562500000000000e+02 -1.455312500000000000e+02
9.190312500000000000e+02 -8.593750000000000000e+01
7.518437500000000000e+02 -1.263125000000000000e+02
8.957187500000000000e+02 -9.040625000000000000e+01
9.409687500000000000e+02 -1.528437500000000000e+02
9.426875000000000000e+02 -1.046875000000000000e+02
8.715937500000000000e+02 -1.166875000000000000e+02
9.105312500000000000e+02 -1.029062500000000000e+02
8.862500000000000000e+02 -1.126562500000000000e+02
8.976875000000000000e+02 -9.246875000000000000e+01
8.335000000000000000e+02 -5.625000000000000000e+01
8.948437500000000000e+02 -8.725000000000000000e+01
8.946875000000000000e+02 -8.581250000000000000e+01
8.300937500000000000e+02 -1.307500000000000000e+02
9.897187500000000000e+02 -1.363125000000000000e+02
8.441875000000000000e+02 -1.232812500000000000e+02
9.177187500000000000e+02 -1.577187500000000000e+02
9.528750000000000000e+02 -1.773125000000000000e+02
9.395312500000000000e+02 -1.338125000000000000e+02
9.285000000000000000e+02 -1.484062500000000000e+02
9.720625000000000000e+02 -1.055000000000000000e+02
9.623125000000000000e+02 2.437500000000000000e+00
8.936250000000000000e+02 -7.396875000000000000e+01
1.056187500000000000e+03 -8.184375000000000000e+01
1.071937500000000000e+03 -2.537500000000000000e+01
9.155000000000000000e+02 -8.943750000000000000e+01
8.052812500000000000e+02 -1.032187500000000000e+02
8.448437500000000000e+02 -2.975000000000000000e+01
9.698437500000000000e+02 -4.237500000000000000e+01
8.547500000000000000e+02 -1.242812500000000000e+02
9.193125000000000000e+02 -9.740625000000000000e+01
7.686562500000000000e+02 -5.543750000000000000e+01
7.513125000000000000e+02 -8.109375000000000000e+01
8.469062500000000000e+02 -7.459375000000000000e+01
7.617500000000000000e+02 -1.298125000000000000e+02
7.943125000000000000e+02 -5.012500000000000000e+01
8.205625000000000000e+02 -6.453125000000000000e+01
8.457187500000000000e+02 -4.821875000000000000e+01
8.021562500000000000e+02 -1.449375000000000000e+02
8.122812500000000000e+02 -1.144687500000000000e+02
7.976250000000000000e+02 -2.740625000000000000e+01
7.732187500000000000e+02 -6.246875000000000000e+01
8.022500000000000000e+02 -8.400000000000000000e+01
9.100625000000000000e+02 -1.121562500000000000e+02
8.425937500000000000e+02 -4.275000000000000000e+01
9.383437500000000000e+02 -6.721875000000000000e+01
8.560000000000000000e+02 -1.057812500000000000e+02
8.877187500000000000e+02 -4.328125000000000000e+01
8.284687500000000000e+02 -7.584375000000000000e+01
8.763437500000000000e+02 -6.131250000000000000e+01
9.188750000000000000e+02 4.343750000000000000e+00
9.682187500000000000e+02 -1.796875000000000000e+01
8.175000000000000000e+02 -4.034375000000000000e+01
8.786875000000000000e+02 -1.065625000000000000e+01
8.790937500000000000e+02 2.000000000000000000e+01
8.655937500000000000e+02 2.303125000000000000e+01
8.241875000000000000e+02 -3.359375000000000000e+01
7.907187500000000000e+02 -4.709375000000000000e+01
9.057500000000000000e+02 -2.184375000000000000e+01
8.341250000000000000e+02 -2.700000000000000000e+01
9.843125000000000000e+02 3.509375000000000000e+01
9.894687500000000000e+02 -2.443750000000000000e+01
8.142187500000000000e+02 -1.859375000000000000e+01
8.965312500000000000e+02 -5.162500000000000000e+01
8.897187500000000000e+02 3.875000000000000000e+00
9.765625000000000000e+02 -2.765625000000000000e+01
8.145625000000000000e+02 -1.796875000000000000e+01
8.299375000000000000e+02 1.118750000000000000e+01
8.716875000000000000e+02 1.943750000000000000e+01
8.824375000000000000e+02 -1.053125000000000000e+01
8.704062500000000000e+02 4.593750000000000000e+01
9.703437500000000000e+02 -2.218750000000000000e+00
9.138125000000000000e+02 2.600000000000000000e+01
9.967187500000000000e+02 -2.287500000000000000e+01
9.713437500000000000e+02 -2.221875000000000000e+01
8.180625000000000000e+02 3.406250000000000000e+01
8.085937500000000000e+02 3.550000000000000000e+01
8.735312500000000000e+02 2.018750000000000000e+01
9.301562500000000000e+02 2.821875000000000000e+01
1.007781250000000000e+03 2.534375000000000000e+01
9.092812500000000000e+02 8.968750000000000000e+00
8.771250000000000000e+02 8.125000000000000000e-01
7.590625000000000000e+02 -1.180625000000000000e+02
9.016250000000000000e+02 8.156250000000000000e+00
9.366562500000000000e+02 -2.306250000000000000e+01
8.782500000000000000e+02 -2.256250000000000000e+01
9.632187500000000000e+02 -3.718750000000000000e+00
8.212500000000000000e+02 2.512500000000000000e+01
8.797500000000000000e+02 -3.490625000000000000e+01
9.281250000000000000e+02 -3.600000000000000000e+01
8.689687500000000000e+02 -2.528125000000000000e+01
8.195937500000000000e+02 -3.846875000000000000e+01
7.819062500000000000e+02 2.293750000000000000e+01
1.011937500000000000e+03 1.625000000000000000e+01
8.995625000000000000e+02 -2.625000000000000000e+01
9.886250000000000000e+02 3.262500000000000000e+01
9.076250000000000000e+02 5.881250000000000000e+01
9.237812500000000000e+02 -7.062500000000000000e+00
8.533125000000000000e+02 -5.115625000000000000e+01
8.735312500000000000e+02 3.678125000000000000e+01
8.623750000000000000e+02 3.543750000000000000e+01
9.189062500000000000e+02 1.937500000000000000e+00
8.872187500000000000e+02 9.375000000000000000e+00
7.925937500000000000e+02 -1.381250000000000000e+01
8.750937500000000000e+02 -1.631250000000000000e+01
9.097187500000000000e+02 4.925000000000000000e+01
9.583750000000000000e+02 -6.737500000000000000e+01
8.105312500000000000e+02 8.625000000000000000e+00
8.985000000000000000e+02 2.146875000000000000e+01
8.774062500000000000e+02 6.875000000000000000e+00
9.846562500000000000e+02 1.000000000000000000e+00
8.121562500000000000e+02 -1.153125000000000000e+01
8.538437500000000000e+02 3.784375000000000000e+01
8.900000000000000000e+02 5.621875000000000000e+01
8.587187500000000000e+02 -9.687500000000000000e-01
9.003125000000000000e+02 -7.406250000000000000e+00
8.941562500000000000e+02 -2.200000000000000000e+01
8.996875000000000000e+02 -2.150000000000000000e+01
7.682500000000000000e+02 1.928125000000000000e+01
8.421562500000000000e+02 -3.025000000000000000e+01
8.364687500000000000e+02 6.468750000000000000e+00
8.147812500000000000e+02 -3.312500000000000000e+01
1.066406250000000000e+03 6.562500000000000000e-01
8.809062500000000000e+02 1.077500000000000000e+02
8.587500000000000000e+02 -4.200000000000000000e+01
8.310625000000000000e+02 -6.250000000000000000e+01
9.046250000000000000e+02 -5.928125000000000000e+01
9.202812500000000000e+02 2.312500000000000000e+00
7.980000000000000000e+02 1.146875000000000000e+01
9.401250000000000000e+02 4.290625000000000000e+01
9.094062500000000000e+02 5.846875000000000000e+01
9.672187500000000000e+02 2.025000000000000000e+01
8.769062500000000000e+02 -1.253125000000000000e+01
7.857187500000000000e+02 -1.612500000000000000e+01
8.434687500000000000e+02 1.837500000000000000e+01
8.950937500000000000e+02 -9.375000000000000000e-01
9.167187500000000000e+02 1.221875000000000000e+01
8.137500000000000000e+02 -3.209375000000000000e+01
9.811562500000000000e+02 -7.481250000000000000e+01
8.278125000000000000e+02 -5.625000000000000000e+00
8.933125000000000000e+02 3.650000000000000000e+01
7.495312500000000000e+02 1.612500000000000000e+01
8.455625000000000000e+02 1.671875000000000000e+01
9.374375000000000000e+02 1.656250000000000000e+01
7.476562500000000000e+02 -2.987500000000000000e+01
9.573750000000000000e+02 -1.837500000000000000e+01
7.505312500000000000e+02 -1.009375000000000000e+01
8.743125000000000000e+02 3.431250000000000000e+01
9.260625000000000000e+02 -5.312500000000000000e+00
8.539687500000000000e+02 -5.865625000000000000e+01
9.335000000000000000e+02 -1.156250000000000000e+00
8.676562500000000000e+02 -1.843750000000000000e+01
9.345000000000000000e+02 4.771875000000000000e+01
8.535937500000000000e+02 -5.343750000000000000e+00
9.332812500000000000e+02 2.800000000000000000e+01
8.497812500000000000e+02 -2.265625000000000000e+01
9.257187500000000000e+02 -1.609375000000000000e+01
8.366875000000000000e+02 2.353125000000000000e+01
9.233437500000000000e+02 7.034375000000000000e+01
8.574375000000000000e+02 2.553125000000000000e+01
9.282812500000000000e+02 2.700000000000000000e+01
5.031250000000000000e+01 -1.565625000000000000e+01
1.056250000000000000e+01 3.562500000000000000e+00
1.546875000000000000e+01 5.906250000000000000e+00
3.856250000000000000e+01 -3.846875000000000000e+01
5.312500000000000000e+00 -1.593750000000000000e+00
1.000000000000000000e+01 3.718750000000000000e+00
5.218750000000000000e+00 -5.800000000000000000e+01
-1.937500000000000000e+01 -1.187500000000000000e+00
-1.312500000000000000e+01 -2.050000000000000000e+01
-5.846875000000000000e+01 -1.562500000000000000e-01
5.356250000000000000e+01 -2.743750000000000000e+01
2.937500000000000000e+00 -3.628125000000000000e+01
5.459375000000000000e+01 -4.100000000000000000e+01
1.393750000000000000e+01 1.831250000000000000e+01
-2.378125000000000000e+01 3.475000000000000000e+01
2.193750000000000000e+01 -8.843750000000000000e+00
-1.118750000000000000e+01 -1.650000000000000000e+01
1.481250000000000000e+01 -2.506250000000000000e+01
-2.778125000000000000e+01 -5.193750000000000000e+01
-4.812500000000000000e+00 -6.875000000000000000e+01
-7.281250000000000000e+00 8.062500000000000000e+00
-7.406250000000000000e+00 6.562500000000000000e-01
4.365625000000000000e+01 -9.687500000000000000e-01
1.343750000000000000e+00 2.371875000000000000e+01
-2.381250000000000000e+01 -3.650000000000000000e+01
7.246875000000000000e+01 -3.115625000000000000e+01
2.759375000000000000e+01 -8.562500000000000000e+00
-1.362500000000000000e+01 -2.378125000000000000e+01
2.231250000000000000e+01 -2.390625000000000000e+01
-1.440625000000000000e+01 -1.468750000000000000e+01
-5.490625000000000000e+01 7.187500000000000000e-01
-7.718750000000000000e+00 -7.187500000000000000e+00
-7.218750000000000000e+00 -5.281250000000000000e+00
-5.031250000000000000e+00 -1.112500000000000000e+01
3.087500000000000000e+01 -9.125000000000000000e+00
-1.462500000000000000e+01 4.678125000000000000e+01
-5.100000000000000000e+01 1.118750000000000000e+01
2.006250000000000000e+01 -5.278125000000000000e+01
6.562500000000000000e-01 -4.118750000000000000e+01
-3.303125000000000000e+01 -7.875000000000000000e+00
5.134375000000000000e+01 4.878125000000000000e+01
-7.812500000000000000e-01 3.328125000000000000e+01
-2.450000000000000000e+01 -1.012500000000000000e+01
2.471875000000000000e+01 -1.490625000000000000e+01
5.865625000000000000e+01 6.934375000000000000e+01
-3.321875000000000000e+01 2.093750000000000000e+01
-5.553125000000000000e+01 -2.321875000000000000e+01
-7.765625000000000000e+01 -2.715625000000000000e+01
1.287500000000000000e+01 -2.853125000000000000e+01
2.087500000000000000e+01 -3.840625000000000000e+01
-1.281250000000000000e+00 -6.281250000000000000e+01
1.653125000000000000e+01 -2.428125000000000000e+01
-2.806250000000000000e+01 -4.700000000000000000e+01
-1.793750000000000000e+01 -4.762500000000000000e+01
6.390625000000000000e+01 2.259375000000000000e+01
-5.643750000000000000e+01 5.718750000000000000e+00
-7.103125000000000000e+01 5.346875000000000000e+01
4.534375000000000000e+01 -9.968750000000000000e+00
1.250000000000000000e-01 7.521875000000000000e+01
-1.743750000000000000e+01 -4.393750000000000000e+01
-6.718750000000000000e+01 -2.603125000000000000e+01
1.837500000000000000e+01 1.975000000000000000e+01
-1.065625000000000000e+01 2.515625000000000000e+01
-4.875000000000000000e+01 -2.284375000000000000e+01
5.500000000000000000e+00 5.515625000000000000e+01
2.915625000000000000e+01 -3.656250000000000000e+00
-8.671875000000000000e+01 3.171875000000000000e+01
-5.793750000000000000e+01 -1.187500000000000000e+00
4.940625000000000000e+01 -2.593750000000000000e+00
-5.837500000000000000e+01 -3.562500000000000000e+00
-1.568750000000000000e+01 -2.006250000000000000e+01
-5.203125000000000000e+01 5.606250000000000000e+01
-1.318750000000000000e+01 -7.250000000000000000e+00
-2.678125000000000000e+01 -1.228125000000000000e+01
-5.312500000000000000e-01 3.262500000000000000e+01
3.553125000000000000e+01 2.703125000000000000e+01
-4.346875000000000000e+01 8.906250000000000000e+00
2.837500000000000000e+01 1.687500000000000000e+01
-1.043750000000000000e+01 -1.165625000000000000e+01
-1.906250000000000000e+01 -7.500000000000000000e-01
1.231250000000000000e+01 -4.256250000000000000e+01
-4.971875000000000000e+01 -2.790625000000000000e+01
-4.965625000000000000e+01 4.215625000000000000e+01
-1.112500000000000000e+01 -5.412500000000000000e+01
3.178125000000000000e+01 -2.865625000000000000e+01
4.896875000000000000e+01 -6.875000000000000000e-01
8.003125000000000000e+01 7.593750000000000000e+00
2.250000000000000000e+00 -2.959375000000000000e+01
1.038750000000000000e+02 1.665625000000000000e+01
2.078125000000000000e+01 4.406250000000000000e+00
-2.093750000000000000e+01 -5.546875000000000000e+01
2.353125000000000000e+01 3.846875000000000000e+01
-1.375000000000000000e+01 -3.534375000000000000e+01
-3.009375000000000000e+01 1.375000000000000000e+01
2.753125000000000000e+01 -6.937500000000000000e+00
6.412500000000000000e+01 1.312500000000000000e+00
1.578125000000000000e+01 -7.312500000000000000e+00
2.143750000000000000e+01 2.115625000000000000e+01
3.328125000000000000e+01 -4.062500000000000000e+01
-8.281250000000000000e+00 -5.209375000000000000e+01
1.687500000000000000e+01 -5.990625000000000000e+01
4.240625000000000000e+01 3.696875000000000000e+01
-1.456250000000000000e+01 -3.975000000000000000e+01
3.903125000000000000e+01 -5.690625000000000000e+01
1.678125000000000000e+01 -1.512500000000000000e+01
5.071875000000000000e+01 -2.612500000000000000e+01
7.909375000000000000e+01 1.875000000000000000e+00
8.159375000000000000e+01 -4.184375000000000000e+01
2.875000000000000000e+01 -2.990625000000000000e+01
1.625000000000000000e+01 -5.953125000000000000e+01
-3.487500000000000000e+01 4.021875000000000000e+01
-4.240625000000000000e+01 5.937500000000000000e-01
2.093750000000000000e+00 4.781250000000000000e+01
-3.778125000000000000e+01 -2.559375000000000000e+01
-6.118750000000000000e+01 -5.071875000000000000e+01
3.125000000000000000e+00 5.625000000000000000e+00
3.959375000000000000e+01 -3.375000000000000000e+00
3.437500000000000000e+01 -4.003125000000000000e+01
-3.625000000000000000e+01 4.787500000000000000e+01
-5.312500000000000000e+00 -5.471875000000000000e+01
2.446875000000000000e+01 -2.303125000000000000e+01
4.850000000000000000e+01 2.690625000000000000e+01
-2.265625000000000000e+01 6.771875000000000000e+01
4.784375000000000000e+01 -1.775000000000000000e+01
6.409375000000000000e+01 -1.050000000000000000e+01
-5.425000000000000000e+01 3.543750000000000000e+01
-8.125000000000000000e+00 -1.212500000000000000e+01
2.187500000000000000e+01 2.218750000000000000e+01
9.031250000000000000e+00 2.709375000000000000e+01
1.687500000000000000e+00 -5.871875000000000000e+01
3.765625000000000000e+01 -2.621875000000000000e+01
1.468750000000000000e+01 -3.121875000000000000e+01
-2.006250000000000000e+01 -3.509375000000000000e+01
6.084375000000000000e+01 -5.653125000000000000e+01
-4.343750000000000000e+00 2.478125000000000000e+01
6.650000000000000000e+01 6.968750000000000000e+00
5.062500000000000000e+00 -2.375000000000000000e+01
-7.068750000000000000e+01 1.868750000000000000e+01
-5.615625000000000000e+01 -6.559375000000000000e+01
-4.068750000000000000e+01 -4.062500000000000000e+00
1.118750000000000000e+01 2.987500000000000000e+01
9.696875000000000000e+01 -7.409375000000000000e+01
2.162500000000000000e+01 -7.625000000000000000e+01
-4.437500000000000000e+01 -1.581250000000000000e+01
3.009375000000000000e+01 -2.290625000000000000e+01
6.937500000000000000e+01 -1.071875000000000000e+01
-7.750000000000000000e+00 -2.937500000000000000e+00
4.493750000000000000e+01 -1.025000000000000000e+01
2.525000000000000000e+01 -3.200000000000000000e+01
-4.971875000000000000e+01 -1.940625000000000000e+01
3.396875000000000000e+01 2.487500000000000000e+01
-4.971875000000000000e+01 -1.084375000000000000e+01
1.925000000000000000e+01 -2.128125000000000000e+01
2.109375000000000000e+01 -4.325000000000000000e+01
2.209375000000000000e+01 -1.359375000000000000e+01
5.409375000000000000e+01 -7.593750000000000000e+00
4.071875000000000000e+01 -3.890625000000000000e+01
5.612500000000000000e+01 3.531250000000000000e+00
-5.709375000000000000e+01 -2.325000000000000000e+01
9.931250000000000000e+01 -2.721875000000000000e+01
1.662500000000000000e+01 -3.996875000000000000e+01
7.362500000000000000e+01 -2.606250000000000000e+01
1.900000000000000000e+01 -8.759375000000000000e+01
1.740625000000000000e+01 5.028125000000000000e+01
-2.187500000000000000e-01 1.987500000000000000e+01
4.315625000000000000e+01 4.053125000000000000e+01
3.968750000000000000e+00 -3.181250000000000000e+01
-2.065625000000000000e+01 -9.687500000000000000e-01
-2.053125000000000000e+01 -3.943750000000000000e+01
-1.287500000000000000e+01 -2.425000000000000000e+01
-4.500000000000000000e+00 -4.678125000000000000e+01
7.468750000000000000e+00 -3.221875000000000000e+01
4.187500000000000000e+00 -1.209375000000000000e+01
-1.053125000000000000e+01 -4.353125000000000000e+01
-1.937500000000000000e+00 -4.406250000000000000e+00
8.021875000000000000e+01 -1.959375000000000000e+01
3.812500000000000000e+01 -7.503125000000000000e+01
5.750000000000000000e+00 -1.106250000000000000e+01
-7.843750000000000000e+00 -5.725000000000000000e+01
4.718750000000000000e+00 -3.821875000000000000e+01
1.956250000000000000e+01 -3.687500000000000000e+01
2.875000000000000000e+00 -2.312500000000000000e+00
8.000000000000000000e+00 -2.021875000000000000e+01
1.087500000000000000e+01 -2.434375000000000000e+01
2.134375000000000000e+01 5.090625000000000000e+01
2.631250000000000000e+01 3.562500000000000000e+00
2.468750000000000000e+01 3.346875000000000000e+01
2.237500000000000000e+01 -2.409375000000000000e+01
-7.125000000000000000e+00 2.075000000000000000e+01
2.162500000000000000e+01 6.750000000000000000e+00
5.603125000000000000e+01 2.093750000000000000e+01
4.718750000000000000e+00 1.671875000000000000e+01
-3.362500000000000000e+01 -3.784375000000000000e+01
1.878125000000000000e+01 -1.337500000000000000e+01
2.465625000000000000e+01 -4.612500000000000000e+01
-1.650000000000000000e+01 1.293750000000000000e+01
-8.062500000000000000e+00 -2.009375000000000000e+01
3.268750000000000000e+01 7.862500000000000000e+01
5.093750000000000000e+00 4.140625000000000000e+01
2.906250000000000000e+01 -3.728125000000000000e+01
1.100000000000000000e+01 1.956250000000000000e+01
-5.500000000000000000e+00 -2.634375000000000000e+01
-3.978125000000000000e+01 3.540625000000000000e+01
1.828125000000000000e+01 -6.153125000000000000e+01
-2.371875000000000000e+01 3.387500000000000000e+01
4.031250000000000000e+01 -3.693750000000000000e+01
7.687500000000000000e+00 2.387500000000000000e+01
-3.434375000000000000e+01 2.806250000000000000e+01
-4.334375000000000000e+01 -5.993750000000000000e+01
-3.903125000000000000e+01 -1.759375000000000000e+01
2.331250000000000000e+01 5.715625000000000000e+01
2.790625000000000000e+01 -1.008125000000000000e+02
-2.556250000000000000e+01 3.434375000000000000e+01
-6.468750000000000000e+00 -4.531250000000000000e+00
-4.078125000000000000e+01 -5.209375000000000000e+01
4.046875000000000000e+01 -2.790625000000000000e+01
-2.315625000000000000e+01 -5.090625000000000000e+01
5.171875000000000000e+01 1.099687500000000000e+02
7.750000000000000000e+00 -2.212500000000000000e+01
-3.796875000000000000e+01 -7.709375000000000000e+01
2.659375000000000000e+01 3.921875000000000000e+01
-4.496875000000000000e+01 3.112500000000000000e+01
2.950000000000000000e+01 2.118750000000000000e+01
8.156250000000000000e+00 1.959375000000000000e+01
-2.496875000000000000e+01 -4.175000000000000000e+01
-2.228125000000000000e+01 -9.375000000000000000e+00
-2.471875000000000000e+01 -1.162500000000000000e+01
3.028125000000000000e+01 -5.375000000000000000e+00
1.859375000000000000e+01 1.987500000000000000e+01
1.468750000000000000e+00 6.812500000000000000e+01
-8.281250000000000000e+00 -7.609375000000000000e+01
-7.906250000000000000e+00 -2.634375000000000000e+01
4.056250000000000000e+01 -1.706250000000000000e+01
-6.718750000000000000e+00 2.321875000000000000e+01
2.300000000000000000e+01 2.562500000000000000e+00
-5.531250000000000000e+00 1.781250000000000000e+00
1.321875000000000000e+01 5.512500000000000000e+01
2.131250000000000000e+01 1.971875000000000000e+01
8.468750000000000000e+00 -3.728125000000000000e+01
5.728125000000000000e+01 -6.375000000000000000e+01
3.003125000000000000e+01 3.200000000000000000e+01
-7.343750000000000000e+00 -8.937500000000000000e+00
1.834375000000000000e+01 -1.612500000000000000e+01
-6.409375000000000000e+01 -4.687500000000000000e-01
-7.906250000000000000e+00 2.878125000000000000e+01
5.040625000000000000e+01 -1.387500000000000000e+01
2.962500000000000000e+01 1.981250000000000000e+01
2.146875000000000000e+01 3.256250000000000000e+01
4.031250000000000000e+00 -2.300000000000000000e+01
-7.468750000000000000e+00 -1.437500000000000000e+00
-3.787500000000000000e+01 -1.921875000000000000e+01
-2.925000000000000000e+01 -2.412500000000000000e+01
3.643750000000000000e+01 -9.734375000000000000e+01
-4.131250000000000000e+01 3.246875000000000000e+01
-1.884375000000000000e+01 -3.331250000000000000e+01
-2.671875000000000000e+01 -1.328125000000000000e+01
-5.131250000000000000e+01 -3.290625000000000000e+01
4.065625000000000000e+01 9.656250000000000000e+00
-2.687500000000000000e+00 -7.718750000000000000e+00
-4.656250000000000000e+01 -3.950000000000000000e+01
2.959375000000000000e+01 -4.156250000000000000e+00
1.862500000000000000e+01 -3.537500000000000000e+01
2.778125000000000000e+01 -3.781250000000000000e+01
3.903125000000000000e+01 1.546875000000000000e+01
-5.153125000000000000e+01 -8.156250000000000000e+00
-6.721875000000000000e+01 -1.037500000000000000e+01
3.465625000000000000e+01 -3.125000000000000000e-01
2.187500000000000000e+00 -5.071875000000000000e+01
5.046875000000000000e+01 -8.656250000000000000e+00
8.437500000000000000e+00 3.143750000000000000e+01
3.728125000000000000e+01 2.687500000000000000e+00
1.478125000000000000e+01 3.375000000000000000e+01
-7.187500000000000000e+00 1.017187500000000000e+02
4.115625000000000000e+01 7.350000000000000000e+01
8.103125000000000000e+01 2.150312500000000000e+02
5.965625000000000000e+01 1.391875000000000000e+02
1.246875000000000000e+01 2.631250000000000000e+01
-7.850000000000000000e+01 -4.187500000000000000e+01
4.950000000000000000e+01 7.500000000000000000e+00
2.987500000000000000e+01 -1.450000000000000000e+01
4.812500000000000000e+00 7.381250000000000000e+01
-2.878125000000000000e+01 7.046875000000000000e+01
-2.653125000000000000e+01 -1.037500000000000000e+01
-1.593750000000000000e+00 2.853125000000000000e+01
3.850000000000000000e+01 6.250000000000000000e-02
1.006250000000000000e+01 -4.687500000000000000e-01
5.890625000000000000e+01 -2.643750000000000000e+01
2.443750000000000000e+01 1.471875000000000000e+01
5.681250000000000000e+01 -4.368750000000000000e+01
4.390625000000000000e+01 1.859375000000000000e+01
4.096875000000000000e+01 -5.012500000000000000e+01
4.496875000000000000e+01 -1.040625000000000000e+01
-2.125000000000000000e+01 5.900000000000000000e+01
4.625000000000000000e+00 -1.828125000000000000e+01
-3.753125000000000000e+01 3.071875000000000000e+01
4.125000000000000000e+00 9.846875000000000000e+01
-9.406250000000000000e+00 1.050000000000000000e+01
3.421875000000000000e+01 1.340625000000000000e+01
-1.628125000000000000e+01 -8.531250000000000000e+00
-1.228125000000000000e+01 -4.718750000000000000e+00
1.618750000000000000e+01 6.593750000000000000e+00
-3.006250000000000000e+01 1.531250000000000000e+01
-3.265625000000000000e+01 5.334375000000000000e+01
-5.884375000000000000e+01 -3.218750000000000000e+01
7.193750000000000000e+01 -6.281250000000000000e+00
3.206250000000000000e+01 -1.303125000000000000e+01
3.256250000000000000e+01 2.962500000000000000e+01
3.028125000000000000e+01 -2.659375000000000000e+01
-1.196875000000000000e+01 5.221875000000000000e+01
7.962500000000000000e+01 2.446875000000000000e+01
7.178125000000000000e+01 7.875000000000000000e+00
3.056250000000000000e+01 4.062500000000000000e+01
2.990625000000000000e+01 -1.390625000000000000e+01
3.996875000000000000e+01 -3.125000000000000000e-02
-2.134375000000000000e+01 -1.046875000000000000e+01
2.015625000000000000e+01 -3.318750000000000000e+01
1.275000000000000000e+01 7.375000000000000000e+00
-1.821875000000000000e+01 -5.346875000000000000e+01
1.343750000000000000e+00 -6.493750000000000000e+01
-3.934375000000000000e+01 2.000000000000000000e+01
1.393750000000000000e+01 1.353125000000000000e+01
5.000000000000000000e+00 -4.115625000000000000e+01
2.440625000000000000e+01 1.931250000000000000e+01
-1.000000000000000000e+00 -1.250000000000000000e+01
2.809375000000000000e+01 -2.931250000000000000e+01
2.906250000000000000e+00 -4.187500000000000000e+00
-2.303125000000000000e+01 9.315625000000000000e+01
8.996875000000000000e+01 3.500000000000000000e+00
-1.171875000000000000e+01 -1.209375000000000000e+01
-2.746875000000000000e+01 -3.468750000000000000e+01
4.137500000000000000e+01 2.600000000000000000e+01
5.287500000000000000e+01 -1.031250000000000000e+00
-4.768750000000000000e+01 -1.459375000000000000e+01
2.809375000000000000e+01 -2.396875000000000000e+01
3.881250000000000000e+01 -1.100000000000000000e+01
2.012500000000000000e+01 -2.909375000000000000e+01
4.046875000000000000e+01 5.156250000000000000e+00
4.150000000000000000e+01 -5.900000000000000000e+01
-3.746875000000000000e+01 1.875000000000000000e-01
1.546875000000000000e+01 2.800000000000000000e+01
-1.087500000000000000e+01 -1.615625000000000000e+01
5.093750000000000000e+00 -3.971875000000000000e+01
2.659375000000000000e+01 -1.853125000000000000e+01
1.837500000000000000e+01 1.825000000000000000e+01
2.343750000000000000e+00 -4.156250000000000000e+00
-1.990625000000000000e+01 -7.500000000000000000e-01
1.165625000000000000e+01 1.428125000000000000e+01
7.512500000000000000e+01 3.021875000000000000e+01
9.718750000000000000e+00 2.371875000000000000e+01
-1.971875000000000000e+01 -1.718750000000000000e+01
-2.281250000000000000e+00 5.887500000000000000e+01
-1.937500000000000000e+01 -9.093750000000000000e+00
2.831250000000000000e+01 -3.709375000000000000e+01
3.009375000000000000e+01 1.718750000000000000e+00
1.125000000000000000e+00 3.034375000000000000e+01
-1.196875000000000000e+01 6.075000000000000000e+01
1.384375000000000000e+01 1.378125000000000000e+01
-1.615625000000000000e+01 9.500000000000000000e+00
-3.743750000000000000e+01 -3.943750000000000000e+01
-1.856250000000000000e+01 -3.809375000000000000e+01
-2.031250000000000000e+01 -2.659375000000000000e+01
-6.843750000000000000e+00 8.284375000000000000e+01
-4.581250000000000000e+01 -1.653125000000000000e+01
1.025000000000000000e+01 -4.656250000000000000e+00
-7.843750000000000000e+01 4.156250000000000000e+00
-5.568750000000000000e+01 4.840625000000000000e+01
-1.031250000000000000e+00 -9.343750000000000000e+00
-3.203125000000000000e+01 3.943750000000000000e+01
-4.825000000000000000e+01 2.718750000000000000e+01
-4.431250000000000000e+01 -3.865625000000000000e+01
-2.246875000000000000e+01 4.462500000000000000e+01
-3.318750000000000000e+01 2.643750000000000000e+01
1.009375000000000000e+01 -3.025000000000000000e+01
-4.156250000000000000e+00 4.000000000000000000e+00
6.718750000000000000e+00 -3.690625000000000000e+01
-2.515625000000000000e+01 -5.625000000000000000e+01
-4.203125000000000000e+01 -5.937500000000000000e-01
-1.143750000000000000e+01 -1.568750000000000000e+01
3.040625000000000000e+01 4.781250000000000000e+00
5.487500000000000000e+01 -7.718750000000000000e+00
-2.143750000000000000e+01 -1.628125000000000000e+01
2.178125000000000000e+01 -4.500000000000000000e+00
-9.093750000000000000e+00 -2.571875000000000000e+01
-6.359375000000000000e+01 -3.234375000000000000e+01
-2.353125000000000000e+01 -1.506250000000000000e+01
-6.937500000000000000e+00 -6.500000000000000000e+00
1.675000000000000000e+01 7.037500000000000000e+01
1.881250000000000000e+01 7.843750000000000000e+00
-6.909375000000000000e+01 -1.775000000000000000e+01
-3.862500000000000000e+01 -2.009375000000000000e+01
3.928125000000000000e+01 1.453125000000000000e+01
1.015625000000000000e+01 -3.050000000000000000e+01
-8.656250000000000000e+00 -7.093750000000000000e+00
1.915625000000000000e+01 -3.381250000000000000e+01
-1.471875000000000000e+01 -9.031250000000000000e+00
-2.446875000000000000e+01 2.021875000000000000e+01
7.906250000000000000e+01 -7.843750000000000000e+00
1.153125000000000000e+01 3.875000000000000000e+01
-2.425000000000000000e+01 3.421875000000000000e+01
-6.250000000000000000e-02 5.168750000000000000e+01
-1.534375000000000000e+01 2.365625000000000000e+01
-3.656250000000000000e+00 2.075000000000000000e+01
-6.562500000000000000e-01 3.115625000000000000e+01
3.571875000000000000e+01 -2.371875000000000000e+01
1.031250000000000000e+00 -2.518750000000000000e+01
1.868750000000000000e+01 8.375000000000000000e+00
-1.190625000000000000e+01 -2.343750000000000000e+01
-5.300000000000000000e+01 1.412500000000000000e+01
-5.028125000000000000e+01 -8.937500000000000000e+00
3.281250000000000000e+01 4.312500000000000000e+01
-4.934375000000000000e+01 -1.465625000000000000e+01
-1.440625000000000000e+01 -2.968750000000000000e+00
-6.128125000000000000e+01 -4.125000000000000000e+01
9.031250000000000000e+00 -3.446875000000000000e+01
-1.300000000000000000e+01 -9.531250000000000000e+00
-7.606250000000000000e+01 -5.840625000000000000e+01
7.687500000000000000e+00 4.384375000000000000e+01
1.250000000000000000e-01 -1.503125000000000000e+01
2.275000000000000000e+01 -5.375000000000000000e+01
4.500000000000000000e+01 -1.971875000000000000e+01
-3.931250000000000000e+01 -2.268750000000000000e+01
-3.565625000000000000e+01 -2.953125000000000000e+01
-3.228125000000000000e+01 4.006250000000000000e+01
2.690625000000000000e+01 -6.100000000000000000e+01
-9.375000000000000000e+00 -4.231250000000000000e+01
1.312500000000000000e+01 5.443750000000000000e+01
5.000000000000000000e-01 -4.453125000000000000e+01
-1.871875000000000000e+01 1.056250000000000000e+01
1.975000000000000000e+01 -7.406250000000000000e+00
-2.365625000000000000e+01 -1.640625000000000000e+01
1.246875000000000000e+01 -5.321875000000000000e+01
-3.687500000000000000e+01 -2.406250000000000000e+01
7.862500000000000000e+01 2.187500000000000000e+00
2.000000000000000000e+01 -1.562500000000000000e-01
5.021875000000000000e+01 -1.609375000000000000e+01
8.500000000000000000e+00 5.718750000000000000e+00
-5.325000000000000000e+01 -1.468750000000000000e+01
9.375000000000000000e-01 -7.562500000000000000e+00
6.731250000000000000e+01 -8.375000000000000000e+00
-1.487500000000000000e+01 -6.006250000000000000e+01
8.312500000000000000e+00 6.106250000000000000e+01
2.175000000000000000e+01 1.655000000000000000e+02
2.506250000000000000e+01 4.490625000000000000e+01
-1.571875000000000000e+01 4.440625000000000000e+01
3.812500000000000000e+01 3.465625000000000000e+01
-5.512500000000000000e+01 -2.275000000000000000e+01
-6.687500000000000000e+00 -5.346875000000000000e+01
-4.643750000000000000e+01 -1.531250000000000000e+00
-2.593750000000000000e+00 3.612500000000000000e+01
1.490625000000000000e+01 -3.184375000000000000e+01
-2.512500000000000000e+01 4.437500000000000000e+00
-1.912500000000000000e+01 1.181250000000000000e+01
-8.375000000000000000e+00 1.443750000000000000e+01
1.362500000000000000e+01 -3.537500000000000000e+01
-7.950000000000000000e+01 -4.293750000000000000e+01
1.315625000000000000e+01 -5.156250000000000000e+00
4.500000000000000000e+00 -2.371875000000000000e+01
4.746875000000000000e+01 1.256250000000000000e+01
-8.750000000000000000e-01 -2.812500000000000000e-01
-7.750000000000000000e+00 3.503125000000000000e+01
3.462500000000000000e+01 -1.762500000000000000e+01
1.618750000000000000e+01 -4.531250000000000000e+00
1.906250000000000000e+00 4.000000000000000000e+00
-5.243750000000000000e+01 4.625000000000000000e+00
-8.434375000000000000e+01 1.146875000000000000e+01
4.909375000000000000e+01 4.756250000000000000e+01
-3.968750000000000000e+00 -4.400000000000000000e+01
3.296875000000000000e+01 -5.356250000000000000e+01
-1.381250000000000000e+01 7.971875000000000000e+01
-7.975000000000000000e+01 4.906250000000000000e+00
1.440625000000000000e+01 1.668750000000000000e+01
8.225000000000000000e+01 -5.862500000000000000e+01
-4.178125000000000000e+01 3.128125000000000000e+01
9.781250000000000000e+00 1.593750000000000000e+01
1.959375000000000000e+01 2.087500000000000000e+01
-7.687500000000000000e+00 -1.465625000000000000e+01
-7.812500000000000000e-01 2.215625000000000000e+01
6.825000000000000000e+01 -1.687500000000000000e+01
-1.165625000000000000e+01 -7.406250000000000000e+00
1.287500000000000000e+01 1.368750000000000000e+01
-1.496875000000000000e+01 -1.843750000000000000e+00
2.606250000000000000e+01 3.184375000000000000e+01
-5.118750000000000000e+01 -5.218750000000000000e+00
4.187500000000000000e+01 6.587500000000000000e+01
-1.425000000000000000e+01 -5.000000000000000000e-01
-3.687500000000000000e+00 -1.934375000000000000e+01
1.546875000000000000e+01 2.593750000000000000e+00
2.140625000000000000e+01 1.731250000000000000e+01
4.115625000000000000e+01 1.750000000000000000e+00
4.756250000000000000e+01 -8.706250000000000000e+01
-3.559375000000000000e+01 -1.340625000000000000e+01
2.012500000000000000e+01 1.887500000000000000e+01
3.059375000000000000e+01 -3.159375000000000000e+01
-4.228125000000000000e+01 -6.725000000000000000e+01
2.653125000000000000e+01 -1.956250000000000000e+01
-2.553125000000000000e+01 -2.790625000000000000e+01
-5.725000000000000000e+01 -1.140625000000000000e+01
-1.003125000000000000e+01 8.312500000000000000e+00
5.862500000000000000e+01 -4.556250000000000000e+01
-8.281250000000000000e+00 2.115625000000000000e+01
-7.343750000000000000e+00 -5.578125000000000000e+01
3.262500000000000000e+01 5.609375000000000000e+01
-1.381250000000000000e+01 -2.134375000000000000e+01
-1.768750000000000000e+01 -3.859375000000000000e+01
9.062500000000000000e+00 -5.193750000000000000e+01
4.871875000000000000e+01 3.418750000000000000e+01
-4.903125000000000000e+01 -3.034375000000000000e+01
-2.575000000000000000e+01 3.246875000000000000e+01
3.043750000000000000e+01 1.625000000000000000e+01
4.887500000000000000e+01 -8.396875000000000000e+01
1.425000000000000000e+01 1.821875000000000000e+01
5.434375000000000000e+01 -1.915625000000000000e+01
5.906250000000000000e+00 1.125000000000000000e+01
5.625000000000000000e+01 -2.184375000000000000e+01
2.787500000000000000e+01 -4.693750000000000000e+01
1.375000000000000000e+01 3.231250000000000000e+01
2.690625000000000000e+01 -6.050000000000000000e+01
-5.937500000000000000e+01 -1.568750000000000000e+01
5.425000000000000000e+01 -1.215625000000000000e+01
5.287500000000000000e+01 1.450000000000000000e+01
8.750000000000000000e-01 -3.631250000000000000e+01
-1.253125000000000000e+01 2.928125000000000000e+01
8.031250000000000000e+00 4.312500000000000000e+00
-6.937500000000000000e+01 -1.784375000000000000e+01
3.800000000000000000e+01 -1.818750000000000000e+01
5.143750000000000000e+01 1.268750000000000000e+01
-1.000000000000000000e+00 2.778125000000000000e+01
-3.750000000000000000e+00 -3.284375000000000000e+01
-1.656250000000000000e+01 2.275000000000000000e+01
-7.156250000000000000e+01 -7.012500000000000000e+01
4.493750000000000000e+01 -1.275000000000000000e+01
-3.196875000000000000e+01 7.700000000000000000e+01
1.235312500000000000e+02 4.006250000000000000e+01
-2.756250000000000000e+01 5.175000000000000000e+01
-4.153125000000000000e+01 -3.890625000000000000e+01
3.271875000000000000e+01 -1.250000000000000000e+00
-5.625000000000000000e-01 -3.700000000000000000e+01
-2.281250000000000000e+00 6.646875000000000000e+01
2.128125000000000000e+01 -4.353125000000000000e+01
2.731250000000000000e+01 5.968750000000000000e+00
1.478125000000000000e+01 4.375000000000000000e-01
7.353125000000000000e+01 -1.921875000000000000e+01
-6.293750000000000000e+01 2.350000000000000000e+01
4.015625000000000000e+01 -3.496875000000000000e+01
7.375000000000000000e+00 -1.425000000000000000e+01
4.993750000000000000e+01 -2.668750000000000000e+01
2.653125000000000000e+01 -3.137500000000000000e+01
3.125000000000000000e+01 -2.946875000000000000e+01
3.493750000000000000e+01 -3.700000000000000000e+01
2.290625000000000000e+01 -1.490625000000000000e+01
-1.825000000000000000e+01 6.687500000000000000e+00
1.359375000000000000e+01 2.312500000000000000e+01
2.043750000000000000e+01 3.371875000000000000e+01
-9.250000000000000000e+00 2.803125000000000000e+01
-8.937500000000000000e+00 -5.087500000000000000e+01
-3.625000000000000000e+01 6.346875000000000000e+01
2.962500000000000000e+01 2.500000000000000000e-01
2.865625000000000000e+01 4.459375000000000000e+01
4.918750000000000000e+01 -5.000000000000000000e-01
-8.656250000000000000e+00 -6.887500000000000000e+01
-1.821875000000000000e+01 -6.184375000000000000e+01
9.900000000000000000e+01 -5.312500000000000000e+00
1.396875000000000000e+01 1.521875000000000000e+01
2.990625000000000000e+01 1.953125000000000000e+01
-2.500000000000000000e+00 2.750000000000000000e+00
5.715625000000000000e+01 4.693750000000000000e+01
8.500000000000000000e+01 -1.968750000000000000e+01
9.750000000000000000e+01 2.150000000000000000e+01
1.182812500000000000e+02 -1.337500000000000000e+01
7.028125000000000000e+01 3.656250000000000000e+00
7.712500000000000000e+01 3.028125000000000000e+01
-2.918750000000000000e+01 -3.343750000000000000e+00
-1.106250000000000000e+01 -3.115625000000000000e+01
3.284375000000000000e+01 -5.334375000000000000e+01
-9.843750000000000000e+00 -1.262500000000000000e+01
-1.600000000000000000e+01 -3.781250000000000000e+00
-3.265625000000000000e+01 -1.731250000000000000e+01
5.468750000000000000e+00 4.375000000000000000e-01
4.406250000000000000e+00 -3.531250000000000000e+00
-2.409375000000000000e+01 1.875000000000000000e+00
2.381250000000000000e+01 -4.084375000000000000e+01
1.406250000000000000e+00 8.625000000000000000e+00
2.715625000000000000e+01 -1.028125000000000000e+01
6.178125000000000000e+01 -1.615625000000000000e+01
1.734375000000000000e+01 1.078125000000000000e+01
7.812500000000000000e-01 5.753125000000000000e+01
-2.765625000000000000e+01 2.434375000000000000e+01
-1.784375000000000000e+01 -1.315625000000000000e+01
-1.781250000000000000e+00 -2.562500000000000000e+00
-7.593750000000000000e+00 -5.034375000000000000e+01
-1.809375000000000000e+01 -2.840625000000000000e+01
3.096875000000000000e+01 1.937500000000000000e+01
4.750000000000000000e+01 3.534375000000000000e+01
-1.540625000000000000e+01 2.009375000000000000e+01
1.156250000000000000e+00 -3.653125000000000000e+01
-1.850000000000000000e+01 -2.959375000000000000e+01
2.653125000000000000e+01 -6.625000000000000000e+00
-1.528125000000000000e+01 2.609375000000000000e+01
4.878125000000000000e+01 -7.093750000000000000e+00
-5.431250000000000000e+01 -1.612500000000000000e+01
-1.853125000000000000e+01 1.215625000000000000e+01
-2.275000000000000000e+01 -7.281250000000000000e+00
-2.500000000000000000e-01 -1.250000000000000000e+01
3.718750000000000000e+00 -7.575000000000000000e+01
2.112500000000000000e+01 -7.615625000000000000e+01
-7.000000000000000000e+00 -1.050000000000000000e+01
6.340625000000000000e+01 2.840625000000000000e+01
3.596875000000000000e+01 1.906250000000000000e+01
-1.581250000000000000e+01 -9.406250000000000000e+00
1.562500000000000000e+01 6.284375000000000000e+01
1.040625000000000000e+01 1.462500000000000000e+01
1.509375000000000000e+01 -2.300000000000000000e+01
8.125000000000000000e+00 4.662500000000000000e+01
7.084375000000000000e+01 6.078125000000000000e+01
8.687500000000000000e+00 -1.062500000000000000e+01
5.843750000000000000e+01 -4.640625000000000000e+01
-2.284375000000000000e+01 2.900000000000000000e+01
-4.440625000000000000e+01 -1.440625000000000000e+01
3.137500000000000000e+01 6.218750000000000000e+00
-1.100000000000000000e+01 -2.387500000000000000e+01
5.728125000000000000e+01 1.293750000000000000e+01
-1.093750000000000000e+01 -1.071875000000000000e+01
2.506250000000000000e+01 -5.962500000000000000e+01
8.968750000000000000e+00 -2.071875000000000000e+01
3.140625000000000000e+01 7.562500000000000000e+00
4.371875000000000000e+01 -4.215625000000000000e+01
-1.781250000000000000e+00 4.784375000000000000e+01
8.925000000000000000e+01 -1.325000000000000000e+01
5.500000000000000000e+00 -2.306250000000000000e+01
-1.728125000000000000e+01 6.756250000000000000e+01
-3.750000000000000000e-01 1.856250000000000000e+01
2.237500000000000000e+01 -7.850000000000000000e+01
3.093750000000000000e+01 -4.721875000000000000e+01
2.656250000000000000e+00 9.750000000000000000e+00
2.868750000000000000e+01 3.284375000000000000e+01
1.259375000000000000e+02 1.850000000000000000e+01
5.625000000000000000e+00 -1.887500000000000000e+01
2.678125000000000000e+01 -1.368750000000000000e+01
-7.406250000000000000e+00 -2.250000000000000000e+00
9.371875000000000000e+01 -5.275000000000000000e+01
6.831250000000000000e+01 -2.759375000000000000e+01
8.906250000000000000e+00 1.690625000000000000e+01
-7.656250000000000000e+01 -4.531250000000000000e+00
-2.943750000000000000e+01 4.187500000000000000e+00
1.581250000000000000e+01 -4.400000000000000000e+01
2.065625000000000000e+01 -2.956250000000000000e+01
2.346875000000000000e+01 -8.937500000000000000e+00
-4.693750000000000000e+01 1.281250000000000000e+01
3.796875000000000000e+01 7.059375000000000000e+01
-1.234375000000000000e+01 -6.337500000000000000e+01
-2.812500000000000000e-01 1.828125000000000000e+01
2.003125000000000000e+01 2.393750000000000000e+01
-4.928125000000000000e+01 6.906250000000000000e+00
-4.953125000000000000e+01 -1.106250000000000000e+01
-1.203125000000000000e+01 -3.325000000000000000e+01
-3.268750000000000000e+01 7.053125000000000000e+01
-2.331250000000000000e+01 2.093750000000000000e+01
-8.671875000000000000e+01 -4.750000000000000000e+00
-3.643750000000000000e+01 -4.471875000000000000e+01
-6.468750000000000000e+00 4.206250000000000000e+01
-5.312500000000000000e+00 -1.046875000000000000e+01
1.728125000000000000e+01 3.337500000000000000e+01
5.168750000000000000e+01 2.440625000000000000e+01
3.950000000000000000e+01 -1.090625000000000000e+01
3.496875000000000000e+01 -1.428125000000000000e+01
-2.856250000000000000e+01 1.678125000000000000e+01
8.896875000000000000e+01 1.090625000000000000e+01
-1.096875000000000000e+01 1.796875000000000000e+01
3.140625000000000000e+01 6.221875000000000000e+01
2.978125000000000000e+01 -8.281250000000000000e+00
-2.068750000000000000e+01 4.162500000000000000e+01
-7.062500000000000000e+00 1.484062500000000000e+02
3.237500000000000000e+01 3.196875000000000000e+01
-2.478125000000000000e+01 3.656250000000000000e+01
5.215625000000000000e+01 9.556250000000000000e+01
7.812500000000000000e-01 3.062500000000000000e+00
8.500000000000000000e+00 -2.178125000000000000e+01
1.415625000000000000e+01 -2.275000000000000000e+01
-4.718750000000000000e+00 7.456250000000000000e+01
-1.050000000000000000e+01 -9.315625000000000000e+01
1.837500000000000000e+01 3.656250000000000000e+00
4.140625000000000000e+01 4.343750000000000000e+00
-1.621875000000000000e+01 -3.996875000000000000e+01
1.859375000000000000e+01 9.843750000000000000e+00
-3.562500000000000000e+01 3.693750000000000000e+01
7.221875000000000000e+01 -3.931250000000000000e+01
8.296875000000000000e+01 3.631250000000000000e+01
3.931250000000000000e+01 -2.168750000000000000e+01
-9.115625000000000000e+01 3.718750000000000000e+00
6.875000000000000000e-01 -1.050000000000000000e+01
-3.934375000000000000e+01 1.746875000000000000e+01
-8.700000000000000000e+01 -6.340625000000000000e+01
2.512500000000000000e+01 2.553125000000000000e+01
-3.656250000000000000e+01 3.659375000000000000e+01
1.031250000000000000e+00 -2.859375000000000000e+01
1.906250000000000000e+00 -1.462500000000000000e+01
3.968750000000000000e+00 -1.884375000000000000e+01
2.681250000000000000e+01 1.378125000000000000e+01
4.881250000000000000e+01 1.028125000000000000e+01
8.312500000000000000e+00 2.946875000000000000e+01
-2.456250000000000000e+01 -4.750000000000000000e+00
-4.662500000000000000e+01 -5.615625000000000000e+01
9.775000000000000000e+01 3.734375000000000000e+01
1.968750000000000000e+01 -1.193750000000000000e+01
5.443750000000000000e+01 3.531250000000000000e+00
1.840625000000000000e+01 -1.459375000000000000e+01
4.600000000000000000e+01 -1.737500000000000000e+01
5.156250000000000000e+00 -1.218750000000000000e+01
-1.971875000000000000e+01 2.475000000000000000e+01
-4.575000000000000000e+01 -2.381250000000000000e+01
-2.696875000000000000e+01 -7.562500000000000000e+00
9.843750000000000000e+00 -3.628125000000000000e+01
4.875000000000000000e+00 6.000000000000000000e+00
1.281250000000000000e+01 2.356250000000000000e+01
-6.250000000000000000e-02 3.384375000000000000e+01
2.168750000000000000e+01 1.865625000000000000e+01
-7.687500000000000000e+01 -2.100000000000000000e+01
-2.384375000000000000e+01 -4.496875000000000000e+01
1.031250000000000000e+00 -3.725000000000000000e+01
-6.087500000000000000e+01 -2.687500000000000000e+00
5.421875000000000000e+01 -2.487500000000000000e+01
-6.896875000000000000e+01 2.496875000000000000e+01
1.312500000000000000e+00 -3.443750000000000000e+01
2.212500000000000000e+01 5.156250000000000000e+00
-3.553125000000000000e+01 1.100000000000000000e+01
-2.840625000000000000e+01 -1.100000000000000000e+01
4.125000000000000000e+00 -2.853125000000000000e+01
7.743750000000000000e+01 8.343750000000000000e+00
-1.443750000000000000e+01 -3.271875000000000000e+01
3.878125000000000000e+01 -2.175000000000000000e+01
-2.334375000000000000e+01 1.587500000000000000e+01
-2.240625000000000000e+01 1.556250000000000000e+01
-3.806250000000000000e+01 1.806250000000000000e+01
3.856250000000000000e+01 1.437500000000000000e+01
1.134375000000000000e+01 1.337500000000000000e+01
-5.625000000000000000e-01 3.562500000000000000e+00
-1.765625000000000000e+01 -5.021875000000000000e+01
-1.775000000000000000e+01 -3.853125000000000000e+01
2.728125000000000000e+01 -2.762500000000000000e+01
-2.653125000000000000e+01 2.887500000000000000e+01
1.818750000000000000e+01 -4.843750000000000000e+00
6.115625000000000000e+01 3.221875000000000000e+01
-1.243750000000000000e+01 -3.915625000000000000e+01
1.365625000000000000e+01 -1.921875000000000000e+01
3.625000000000000000e+00 4.343750000000000000e+00
1.093750000000000000e+00 -6.450000000000000000e+01
-7.500000000000000000e+00 -2.700000000000000000e+01
-3.100000000000000000e+01 -7.343750000000000000e+00
2.150000000000000000e+01 -5.181250000000000000e+01
-1.718750000000000000e+00 2.096875000000000000e+01
-2.793750000000000000e+01 -2.321875000000000000e+01
8.593750000000000000e+00 -3.571875000000000000e+01
1.096875000000000000e+01 -1.450000000000000000e+01
-1.168750000000000000e+01 7.906250000000000000e+00
4.734375000000000000e+01 -2.243750000000000000e+01
-3.571875000000000000e+01 -1.531250000000000000e+00
-3.728125000000000000e+01 -2.065625000000000000e+01
2.846875000000000000e+01 1.018750000000000000e+01
-4.140625000000000000e+01 -1.043750000000000000e+01
9.156250000000000000e+00 -2.437500000000000000e+01
7.906250000000000000e+00 -4.309375000000000000e+01
1.215625000000000000e+01 1.968750000000000000e+00
3.146875000000000000e+01 5.718750000000000000e+01
-1.500000000000000000e+00 -2.156250000000000000e+00
-1.406250000000000000e+00 2.868750000000000000e+01
2.409375000000000000e+01 -9.156250000000000000e+00
-4.303125000000000000e+01 2.031250000000000000e+01
9.459375000000000000e+01 2.106250000000000000e+01
7.065625000000000000e+01 -3.365625000000000000e+01
-3.709375000000000000e+01 -1.581250000000000000e+01
7.490625000000000000e+01 -3.009375000000000000e+01
1.075000000000000000e+01 3.715625000000000000e+01
9.031250000000000000e+00 1.409375000000000000e+01
-7.406250000000000000e+00 -3.037500000000000000e+01
3.025000000000000000e+01 -5.203125000000000000e+01
-1.562500000000000000e+01 5.193750000000000000e+01
8.190625000000000000e+01 -3.493750000000000000e+01
8.006250000000000000e+01 1.584375000000000000e+01
6.331250000000000000e+01 -7.000000000000000000e+01
-3.328125000000000000e+01 4.756250000000000000e+01
-1.812500000000000000e+01 8.037500000000000000e+01
3.343750000000000000e+00 2.446875000000000000e+01
1.437500000000000000e+01 -1.628125000000000000e+01
3.312500000000000000e+01 -8.968750000000000000e+00
-2.062500000000000000e+01 2.190625000000000000e+01
8.093750000000000000e+00 2.368750000000000000e+01
5.956250000000000000e+01 6.046875000000000000e+01
1.140625000000000000e+01 -7.362500000000000000e+01
2.440625000000000000e+01 -1.168750000000000000e+01
2.206250000000000000e+01 -5.190625000000000000e+01
7.781250000000000000e+01 -2.500000000000000000e-01
1.304062500000000000e+02 -2.175000000000000000e+01
1.068125000000000000e+02 -1.275000000000000000e+01
1.333437500000000000e+02 -2.700000000000000000e+01
1.440312500000000000e+02 -4.075000000000000000e+01
1.921250000000000000e+02 5.512500000000000000e+01
1.799375000000000000e+02 -3.137500000000000000e+01
1.710312500000000000e+02 1.353125000000000000e+01
6.537500000000000000e+01 2.500000000000000000e-01
1.155625000000000000e+02 2.218750000000000000e+00
6.053125000000000000e+01 4.406250000000000000e+00
5.506250000000000000e+01 4.375000000000000000e+00
-5.471875000000000000e+01 7.687500000000000000e+00
-1.737500000000000000e+01 7.281250000000000000e+00
-5.843750000000000000e+00 -6.250000000000000000e-02
-1.196875000000000000e+01 -5.606250000000000000e+01
-1.034375000000000000e+01 1.234375000000000000e+01
-5.812500000000000000e+00 -4.334375000000000000e+01
6.531250000000000000e+00 -5.215625000000000000e+01
3.890625000000000000e+01 -3.178125000000000000e+01
-1.521875000000000000e+01 1.421875000000000000e+01
-2.393750000000000000e+01 3.081250000000000000e+01
3.750000000000000000e+00 1.350000000000000000e+01
2.450000000000000000e+01 -4.050000000000000000e+01
2.187500000000000000e+01 -4.453125000000000000e+01
-7.306250000000000000e+01 -4.581250000000000000e+01
-2.162500000000000000e+01 -5.425000000000000000e+01
4.587500000000000000e+01 -4.103125000000000000e+01
-7.250000000000000000e+00 -1.281250000000000000e+00
2.303125000000000000e+01 -3.428125000000000000e+01
2.256250000000000000e+01 3.590625000000000000e+01
-1.537500000000000000e+01 5.156250000000000000e+00
-2.046875000000000000e+01 -6.415625000000000000e+01
-2.584375000000000000e+01 6.318750000000000000e+01
4.743750000000000000e+01 -7.156250000000000000e+00
-2.950000000000000000e+01 4.659062500000000000e+02
-3.937500000000000000e+00 1.062500000000000000e+00
5.409375000000000000e+01 -7.250000000000000000e+00
2.856250000000000000e+01 -3.134375000000000000e+01
5.531250000000000000e+00 -1.918750000000000000e+01
-2.987500000000000000e+01 2.478125000000000000e+01
-5.975000000000000000e+01 -1.225000000000000000e+01
-1.812500000000000000e+00 -4.128125000000000000e+01
2.328125000000000000e+01 1.687500000000000000e+00
-1.250000000000000000e+01 2.790625000000000000e+01
-1.046875000000000000e+01 -2.750000000000000000e+01
4.678125000000000000e+01 5.403125000000000000e+01
-2.765625000000000000e+01 -6.100000000000000000e+01
-1.887500000000000000e+01 2.853125000000000000e+01
-4.803125000000000000e+01 -9.781250000000000000e+00
6.134375000000000000e+01 -1.709375000000000000e+01
-9.062500000000000000e-01 -7.600000000000000000e+01
1.562500000000000000e+00 -2.996875000000000000e+01
4.681250000000000000e+01 -1.156250000000000000e+01
-4.687500000000000000e+01 4.875000000000000000e+00
3.643750000000000000e+01 -4.628125000000000000e+01
-3.625000000000000000e+00 -2.381250000000000000e+01
8.028125000000000000e+01 -1.700000000000000000e+01
8.996875000000000000e+01 2.350000000000000000e+01
6.665625000000000000e+01 1.578125000000000000e+01
-2.778125000000000000e+01 -1.321875000000000000e+01
1.171875000000000000e+01 2.712500000000000000e+01
3.203125000000000000e+01 1.071875000000000000e+01
1.840625000000000000e+01 -4.925000000000000000e+01
-9.062500000000000000e-01 4.562500000000000000e+00
-4.343750000000000000e+00 -3.356250000000000000e+01
1.231250000000000000e+01 -7.500000000000000000e+00
4.106250000000000000e+01 6.812500000000000000e+00
-1.646875000000000000e+01 4.062500000000000000e+01
-3.328125000000000000e+01 -3.593750000000000000e+00
-3.931250000000000000e+01 -3.340625000000000000e+01
-2.712500000000000000e+01 1.690625000000000000e+01
5.062500000000000000e+00 -1.115625000000000000e+01
-4.259375000000000000e+01 3.284375000000000000e+01
-2.062500000000000000e+01 -2.809375000000000000e+01
8.000000000000000000e+00 -4.296875000000000000e+01
-3.478125000000000000e+01 -1.228125000000000000e+01
-4.343750000000000000e+00 4.431250000000000000e+01
1.315625000000000000e+01 -4.862500000000000000e+01
3.525000000000000000e+01 4.500000000000000000e+01
5.381250000000000000e+01 3.065625000000000000e+01
-2.596875000000000000e+01 -2.606250000000000000e+01
6.528125000000000000e+01 -2.593750000000000000e+00
5.762500000000000000e+01 5.381250000000000000e+01
5.446875000000000000e+01 3.353125000000000000e+01
7.634375000000000000e+01 4.400000000000000000e+01
3.206250000000000000e+01 -7.206250000000000000e+01
-1.012500000000000000e+01 -7.750000000000000000e+00
-2.900000000000000000e+01 1.571875000000000000e+01
3.125000000000000000e-02 1.096875000000000000e+01
-1.259375000000000000e+01 -2.053125000000000000e+01
2.353125000000000000e+01 4.331250000000000000e+01
3.603125000000000000e+01 4.812500000000000000e+00
5.078125000000000000e+01 1.650000000000000000e+01
6.500000000000000000e+00 -2.400000000000000000e+01
1.496875000000000000e+01 -4.396875000000000000e+01
-2.631250000000000000e+01 -3.187500000000000000e+00
1.093750000000000000e+01 -6.031250000000000000e+00
5.078125000000000000e+01 3.953125000000000000e+01
1.437500000000000000e+01 -4.653125000000000000e+01
-2.631250000000000000e+01 2.228125000000000000e+01
-1.343750000000000000e+00 -2.768750000000000000e+01
-4.375000000000000000e+01 1.481250000000000000e+01
1.700000000000000000e+01 -7.134375000000000000e+01
-3.971875000000000000e+01 -2.337500000000000000e+01
3.906250000000000000e+01 8.750000000000000000e-01
-3.328125000000000000e+01 -1.356250000000000000e+01
1.075000000000000000e+01 -1.578125000000000000e+01
-2.890625000000000000e+01 -3.596875000000000000e+01
-1.500000000000000000e+00 -2.706250000000000000e+01
-2.143750000000000000e+01 -1.684375000000000000e+01
5.771875000000000000e+01 -4.971875000000000000e+01
3.931250000000000000e+01 3.534375000000000000e+01
3.225000000000000000e+01 -4.106250000000000000e+01
1.390625000000000000e+01 2.884375000000000000e+01
-5.587500000000000000e+01 4.209375000000000000e+01
8.096875000000000000e+01 2.271875000000000000e+01
5.293750000000000000e+01 4.137500000000000000e+01
-2.162500000000000000e+01 -4.240625000000000000e+01
1.178125000000000000e+01 -9.187500000000000000e+00
-7.375000000000000000e+00 -3.718750000000000000e+00
2.306250000000000000e+01 2.087500000000000000e+01
-2.781250000000000000e+00 2.681250000000000000e+01
2.500000000000000000e+00 -1.771875000000000000e+01
-4.962500000000000000e+01 3.437500000000000000e+00
-7.687500000000000000e+00 -8.937500000000000000e+00
-2.112500000000000000e+01 -8.093750000000000000e+01
7.312500000000000000e+00 -1.834375000000000000e+01
1.568750000000000000e+01 9.000000000000000000e+00
7.825000000000000000e+01 -3.256250000000000000e+01
8.312500000000000000e+00 -7.968750000000000000e+00
2.571875000000000000e+01 -2.325000000000000000e+01
-4.128125000000000000e+01 -1.750000000000000000e+00
6.250000000000000000e+00 -9.268750000000000000e+01
4.887500000000000000e+01 -5.906250000000000000e+01
1.303125000000000000e+01 3.437500000000000000e+00
-4.084375000000000000e+01 -3.759375000000000000e+01
-5.534375000000000000e+01 -1.409375000000000000e+01
2.471875000000000000e+01 -3.384375000000000000e+01
-3.656250000000000000e+00 -3.318750000000000000e+01
-5.781250000000000000e+01 1.150000000000000000e+01
-2.971875000000000000e+01 -6.843750000000000000e+00
4.937500000000000000e+00 -3.396875000000000000e+01
4.209375000000000000e+01 1.912500000000000000e+01
-6.750000000000000000e+00 -6.237500000000000000e+01
-3.500000000000000000e+01 8.743750000000000000e+01
-7.709375000000000000e+01 2.603125000000000000e+01
2.306250000000000000e+01 9.687500000000000000e-01
1.300000000000000000e+01 1.593750000000000000e+01
1.728125000000000000e+01 2.125000000000000000e+00
7.596875000000000000e+01 4.487500000000000000e+01
2.000000000000000000e+01 8.781250000000000000e+00
3.100000000000000000e+01 6.281250000000000000e+01
-4.893750000000000000e+01 -4.493750000000000000e+01
9.215625000000000000e+01 -5.818750000000000000e+01
8.218750000000000000e+00 -5.906250000000000000e+00
-3.018750000000000000e+01 -1.015625000000000000e+01
4.003125000000000000e+01 -1.356250000000000000e+01
2.775000000000000000e+01 5.593750000000000000e+00
2.706250000000000000e+01 -2.612500000000000000e+01
1.868750000000000000e+01 3.675000000000000000e+01
1.437500000000000000e+01 -2.750000000000000000e+00
-2.450000000000000000e+01 -3.793750000000000000e+01
-5.250000000000000000e+00 1.084375000000000000e+01
-2.093750000000000000e+00 -4.646875000000000000e+01
2.503125000000000000e+01 8.625000000000000000e+00
4.943750000000000000e+01 7.256250000000000000e+01
4.503125000000000000e+01 8.218750000000000000e+00
-1.712500000000000000e+01 -4.218750000000000000e+00
3.118750000000000000e+01 4.081250000000000000e+01
-5.750000000000000000e+01 -7.500000000000000000e-01
4.043750000000000000e+01 -1.059375000000000000e+01
-4.665625000000000000e+01 2.281250000000000000e+00
6.871875000000000000e+01 8.843750000000000000e+00
2.762500000000000000e+01 9.375000000000000000e+00
-2.156250000000000000e+00 -2.943750000000000000e+01
5.937500000000000000e+00 1.918750000000000000e+01
-2.012500000000000000e+01 4.571875000000000000e+01
6.843750000000000000e+01 -3.634375000000000000e+01
-3.218750000000000000e+00 -1.771875000000000000e+01
-9.718750000000000000e+00 -2.031250000000000000e+01
-6.140625000000000000e+01 1.684375000000000000e+01
-1.618750000000000000e+01 3.425000000000000000e+01
2.362500000000000000e+01 -2.375000000000000000e+00
1.706250000000000000e+01 3.762500000000000000e+01
3.656250000000000000e+01 -2.687500000000000000e+00
2.831250000000000000e+01 5.093750000000000000e+01
5.781250000000000000e+01 -1.965625000000000000e+01
-6.343750000000000000e+01 -4.437500000000000000e+00
-1.828125000000000000e+01 -3.503125000000000000e+01
-1.943750000000000000e+01 5.468750000000000000e+00
9.718750000000000000e+00 -5.375000000000000000e+00
4.281250000000000000e+00 1.418750000000000000e+01
-3.321875000000000000e+01 -1.093750000000000000e+00
3.331250000000000000e+01 -3.115625000000000000e+01
6.896875000000000000e+01 6.625000000000000000e+01
-1.600000000000000000e+01 -2.171875000000000000e+01
4.600000000000000000e+01 -1.637500000000000000e+01
1.260000000000000000e+02 -1.984375000000000000e+01
4.181250000000000000e+01 -1.971875000000000000e+01
-8.281250000000000000e+00 3.781250000000000000e+00
3.812500000000000000e+00 1.334375000000000000e+01
-1.531250000000000000e+00 -1.415625000000000000e+01
-9.875000000000000000e+00 9.437500000000000000e+00
-7.750000000000000000e+00 2.012500000000000000e+01
3.718750000000000000e+00 -3.965625000000000000e+01
-4.256250000000000000e+01 -1.784375000000000000e+01
-1.190625000000000000e+01 -1.956250000000000000e+01
-3.768750000000000000e+01 -9.968750000000000000e+00
-2.812500000000000000e+00 -4.075000000000000000e+01
8.093750000000000000e+00 -2.796875000000000000e+01
-8.437500000000000000e+00 -2.446875000000000000e+01
-5.671875000000000000e+01 2.784375000000000000e+01
1.512500000000000000e+01 -3.178125000000000000e+01
-4.656250000000000000e+00 -1.687500000000000000e+01
2.368750000000000000e+01 -4.615625000000000000e+01
-8.062500000000000000e+00 -3.334375000000000000e+01
-3.365625000000000000e+01 -2.859375000000000000e+01
7.062500000000000000e+00 -1.087500000000000000e+01
1.225000000000000000e+01 2.312500000000000000e+01
-1.137500000000000000e+01 -4.106250000000000000e+01
3.093750000000000000e+01 -2.462500000000000000e+01
-3.840625000000000000e+01 -4.740625000000000000e+01
1.100000000000000000e+01 -5.528125000000000000e+01
3.734375000000000000e+01 -2.728125000000000000e+01
-1.184375000000000000e+01 -6.906250000000000000e+00
-4.018750000000000000e+01 5.000000000000000000e+00
3.278125000000000000e+01 2.896875000000000000e+01
-1.046875000000000000e+01 -1.875000000000000000e+01
1.646875000000000000e+01 6.781250000000000000e+00
3.884375000000000000e+01 6.278125000000000000e+01
8.437500000000000000e+00 -5.212500000000000000e+01
1.328125000000000000e+01 -4.281250000000000000e+01
3.875000000000000000e+00 -2.793750000000000000e+01
1.190625000000000000e+01 -3.021875000000000000e+01
8.059375000000000000e+01 -5.556250000000000000e+01
-1.709375000000000000e+01 -3.956250000000000000e+01
7.687500000000000000e+01 -1.493750000000000000e+01
3.375000000000000000e+00 -3.990625000000000000e+01
5.625000000000000000e+01 2.078125000000000000e+01
2.706250000000000000e+01 -6.481250000000000000e+01
1.093750000000000000e+01 3.878125000000000000e+01
-3.593750000000000000e+00 -4.590625000000000000e+01
1.118750000000000000e+01 3.515625000000000000e+01
-9.531250000000000000e+00 1.000000000000000000e+00
2.406250000000000000e+00 -1.821875000000000000e+01
-2.209375000000000000e+01 -9.125000000000000000e+00
5.865625000000000000e+01 -1.431250000000000000e+01
7.315625000000000000e+01 5.862500000000000000e+01
7.200000000000000000e+01 2.284375000000000000e+01
-3.353125000000000000e+01 1.340625000000000000e+01
1.590625000000000000e+01 -9.406250000000000000e+00
2.875000000000000000e+00 -1.321875000000000000e+01
-2.778125000000000000e+01 -9.375000000000000000e-01
1.228125000000000000e+01 1.959375000000000000e+01
3.656250000000000000e+01 -5.540625000000000000e+01
-2.790625000000000000e+01 -2.309375000000000000e+01
6.846875000000000000e+01 2.834375000000000000e+01
2.375000000000000000e+01 2.843750000000000000e+00
1.390625000000000000e+01 -4.859375000000000000e+01
4.156250000000000000e+00 -5.831250000000000000e+01
1.262500000000000000e+01 -4.206250000000000000e+01
1.612500000000000000e+01 -2.234375000000000000e+01
-3.003125000000000000e+01 3.406250000000000000e+01
-8.643750000000000000e+01 8.093750000000000000e+00
-1.150000000000000000e+01 6.703125000000000000e+01
2.731250000000000000e+01 -2.156250000000000000e+01
3.296875000000000000e+01 -3.093750000000000000e+01
3.500000000000000000e+01 -1.281250000000000000e+01
4.531250000000000000e+00 2.246875000000000000e+01
4.625000000000000000e+01 -2.731250000000000000e+01
-1.993750000000000000e+01 -2.740625000000000000e+01
-1.571875000000000000e+01 2.296875000000000000e+01
9.375000000000000000e-01 -3.737500000000000000e+01
3.881250000000000000e+01 6.906250000000000000e+00
6.968750000000000000e+00 1.800000000000000000e+01
2.693750000000000000e+01 -7.031250000000000000e+00
3.737500000000000000e+01 3.309375000000000000e+01
-2.121875000000000000e+01 -9.062500000000000000e+00
9.934375000000000000e+01 -1.000000000000000000e+01
1.412500000000000000e+01 -1.731250000000000000e+01
1.260000000000000000e+02 8.468750000000000000e+00
-4.125000000000000000e+00 1.893750000000000000e+01
3.750000000000000000e+00 -5.181250000000000000e+01
-2.171875000000000000e+01 1.540625000000000000e+01
4.431250000000000000e+01 1.250000000000000000e+00
2.615625000000000000e+01 2.959375000000000000e+01
6.300000000000000000e+01 2.309375000000000000e+01
-3.934375000000000000e+01 2.618750000000000000e+01
4.290625000000000000e+01 6.125000000000000000e+00
-3.506250000000000000e+01 -1.465625000000000000e+01
1.228125000000000000e+01 -1.184375000000000000e+01
2.531250000000000000e+01 -5.631250000000000000e+01
-1.909375000000000000e+01 -6.968750000000000000e+00
-4.187500000000000000e+00 -5.568750000000000000e+01
-4.750000000000000000e+00 -3.328125000000000000e+01
5.025000000000000000e+01 3.656250000000000000e+00
3.437500000000000000e+01 9.934375000000000000e+01
3.959375000000000000e+01 1.278125000000000000e+01
-4.343750000000000000e+01 4.768750000000000000e+01
1.450000000000000000e+01 2.806250000000000000e+01
-1.853125000000000000e+01 -5.321875000000000000e+01
-4.168750000000000000e+01 3.675000000000000000e+01
4.250000000000000000e+01 5.856250000000000000e+01
-8.406250000000000000e+00 -4.559375000000000000e+01
-6.312500000000000000e+00 1.121875000000000000e+01
6.312500000000000000e+01 2.581250000000000000e+01
-2.893750000000000000e+01 -4.340625000000000000e+01
1.693750000000000000e+01 -5.990625000000000000e+01
3.421875000000000000e+01 -4.190625000000000000e+01
-6.375000000000000000e+00 4.812500000000000000e+00
-7.725000000000000000e+01 -6.281250000000000000e+01
-2.740625000000000000e+01 2.575000000000000000e+01
-2.081250000000000000e+01 3.590625000000000000e+01
-4.603125000000000000e+01 2.906250000000000000e+00
-4.878125000000000000e+01 5.396875000000000000e+01
3.421875000000000000e+01 -1.365625000000000000e+01
4.143750000000000000e+01 4.221875000000000000e+01
3.900000000000000000e+01 3.959375000000000000e+01
-1.831250000000000000e+01 -6.000000000000000000e+01
6.209375000000000000e+01 -2.900000000000000000e+01
3.240625000000000000e+01 2.153125000000000000e+01
4.206250000000000000e+01 3.034375000000000000e+01
2.456250000000000000e+01 1.453125000000000000e+01
3.937500000000000000e+00 -4.515625000000000000e+01
4.818750000000000000e+01 -5.518750000000000000e+01
-1.078125000000000000e+01 1.903125000000000000e+01
3.962500000000000000e+01 -1.712500000000000000e+01
-3.368750000000000000e+01 -2.406250000000000000e+00
-1.309375000000000000e+01 1.946875000000000000e+01
9.312500000000000000e+00 -5.131250000000000000e+01
2.918750000000000000e+01 -4.606250000000000000e+01
-1.103125000000000000e+01 -9.559375000000000000e+01
-5.184375000000000000e+01 -1.565625000000000000e+01
-3.990625000000000000e+01 -5.590625000000000000e+01
1.321875000000000000e+01 1.159375000000000000e+01
-5.281250000000000000e+00 3.437500000000000000e+00
5.300000000000000000e+01 -2.218750000000000000e+01
1.550000000000000000e+01 -7.759375000000000000e+01
-1.531250000000000000e+00 -2.818750000000000000e+01
3.812500000000000000e+01 6.250000000000000000e-01
3.225000000000000000e+01 2.018750000000000000e+01
2.853125000000000000e+01 -4.475000000000000000e+01
-5.781250000000000000e+00 -2.265625000000000000e+01
1.156250000000000000e+01 4.028125000000000000e+01
-2.806250000000000000e+01 2.068750000000000000e+01
1.156250000000000000e+01 1.696875000000000000e+01
-1.125000000000000000e+00 -2.437500000000000000e+01
-1.500000000000000000e+01 -1.246875000000000000e+01
1.759375000000000000e+01 -6.768750000000000000e+01
7.156250000000000000e+01 -2.884375000000000000e+01
4.737500000000000000e+01 -5.406250000000000000e+01
-2.459375000000000000e+01 -6.750000000000000000e+00
-7.509375000000000000e+01 1.556250000000000000e+01
-3.640625000000000000e+01 -2.281250000000000000e+00
-2.612500000000000000e+01 -1.237500000000000000e+01
5.725000000000000000e+01 -5.396875000000000000e+01
-8.593750000000000000e+00 -2.478125000000000000e+01
-2.950000000000000000e+01 2.118750000000000000e+01
2.990625000000000000e+01 -2.725000000000000000e+01
-2.106250000000000000e+01 5.121875000000000000e+01
-1.259375000000000000e+01 -4.693750000000000000e+01
-3.306250000000000000e+01 3.621875000000000000e+01
3.356250000000000000e+01 1.403125000000000000e+01
-3.684375000000000000e+01 2.837500000000000000e+01
-2.531250000000000000e+01 3.281250000000000000e+00
6.840625000000000000e+01 -3.903125000000000000e+01
1.162500000000000000e+01 -3.890625000000000000e+01
5.859375000000000000e+01 -2.484375000000000000e+01
7.475000000000000000e+01 -5.218750000000000000e+00
-7.281250000000000000e+01 3.250000000000000000e+01
-1.937500000000000000e+00 1.521875000000000000e+01
8.562500000000000000e+00 -3.321875000000000000e+01
-1.381250000000000000e+01 -1.996875000000000000e+01
6.946875000000000000e+01 -1.596875000000000000e+01
-9.937500000000000000e+00 -1.981250000000000000e+01
4.053125000000000000e+01 2.203125000000000000e+01
1.187500000000000000e+01 1.115625000000000000e+01
1.603125000000000000e+01 7.937500000000000000e+00
4.706250000000000000e+01 1.718750000000000000e+00
-4.418750000000000000e+01 -1.965625000000000000e+01
4.287500000000000000e+01 -7.968750000000000000e+00
-1.731250000000000000e+01 -5.356250000000000000e+01
3.187500000000000000e+01 -2.481250000000000000e+01
-1.496875000000000000e+01 -7.137500000000000000e+01
-2.250000000000000000e+00 -2.706250000000000000e+01
2.593750000000000000e+00 4.062500000000000000e+00
6.375000000000000000e+01 -3.868750000000000000e+01
-1.768750000000000000e+01 -2.162500000000000000e+01
-4.718750000000000000e+00 -3.618750000000000000e+01
-1.240625000000000000e+01 5.112500000000000000e+01
-3.012500000000000000e+01 -1.921875000000000000e+01
2.984375000000000000e+01 -5.565625000000000000e+01
-1.625000000000000000e+00 1.643750000000000000e+01
1.781250000000000000e+00 1.968750000000000000e+00
-3.809375000000000000e+01 3.575000000000000000e+01
-1.534375000000000000e+01 -3.225000000000000000e+01
-3.693750000000000000e+01 4.096875000000000000e+01
2.778125000000000000e+01 -8.218750000000000000e+01
-1.500000000000000000e+01 -1.196875000000000000e+01
4.296875000000000000e+01 -1.343750000000000000e+01
3.125000000000000000e+01 -3.928125000000000000e+01
-1.940625000000000000e+01 -4.490625000000000000e+01
5.621875000000000000e+01 -5.453125000000000000e+01
6.500000000000000000e+01 -3.262500000000000000e+01
2.381250000000000000e+01 5.090625000000000000e+01
2.521875000000000000e+01 -2.459375000000000000e+01
-4.756250000000000000e+01 -1.837500000000000000e+01
3.175000000000000000e+01 6.025000000000000000e+01
2.409375000000000000e+01 -3.387500000000000000e+01
6.153125000000000000e+01 2.962500000000000000e+01
-1.709375000000000000e+01 -4.843750000000000000e+00
1.709375000000000000e+01 -3.437500000000000000e+01
-3.121875000000000000e+01 -2.825000000000000000e+01
1.546875000000000000e+01 2.846875000000000000e+01
5.193750000000000000e+01 8.000000000000000000e+01
1.312500000000000000e+00 -2.246875000000000000e+01
-5.518750000000000000e+01 2.262500000000000000e+01
-4.496875000000000000e+01 5.650000000000000000e+01
2.456250000000000000e+01 -3.331250000000000000e+01
-4.318750000000000000e+01 3.281250000000000000e+00
2.150000000000000000e+01 -3.181250000000000000e+01
-8.750000000000000000e-01 -6.375000000000000000e+00
5.500000000000000000e+00 -5.125000000000000000e+00
5.878125000000000000e+01 7.575000000000000000e+01
4.053125000000000000e+01 1.268750000000000000e+02
5.062500000000000000e+00 -3.137500000000000000e+01
